time	price	time_normalized	price_fit	dt_days	derivative_emp	derivative_resub	derivative_naive
2024-09-03	6.96000003814697	0	6.88037318717156	NA	NA	0.0265647908891067	0.0177465669751182
2024-09-04	7.01000022888184	0.00333333333333333	6.90117540388477	1	0.0500001907348704	0.0328442102051532	0.0238631049558456
2024-09-05	7.03999996185303	0.00666666666666667	6.9281098740924	1	0.0299997329711896	0.0388743216745688	0.0300110739640228
2024-09-06	6.80000019073486	0.01	6.96120802882198	1	-0.23999977111817	0.0446551252973534	0.0361904739996495
2024-09-09	6.61999988555908	0.02	7.0977989104165	3	-0.0600001017252598	0.0605016890859217	0.0549172602712275
2024-09-10	6.90000009536743	0.0233333333333333	7.15586611350818	1	0.28000020980835	0.0652852613221826	0.0612223844166528
2024-09-11	7.23000001907349	0.0266666666666667	7.22025415625897	1	0.32999992370606	0.0698195257118126	0.0675589395895276
2024-09-12	7.38000011444092	0.03	7.29099446969637	1	0.15000009536743	0.0741044822548116	0.0739269257898522
2024-09-13	7.76000022888184	0.0333333333333333	7.36811848484784	1	0.380000114440921	0.0781401309511796	0.0803263430176263
2024-09-16	7.82000017166138	0.0433333333333333	7.63778499328153	3	0.0199999809265131	0.088309813565614	0.0987470081273556
2024-09-17	8.11999988555908	0.0466666666666667	7.73850372250764	1	0.299999713897701	0.0900239816908052	0.102373631250055
2024-09-18	7.82999992370605	0.05	7.84189861763193	1	-0.28999996185303	0.0906060091795968	0.104099339923622
2024-09-19	7.71999979019165	0.0533333333333333	7.94606876420519	1	-0.1100001335144	0.090055896031989	0.103924134148056
2024-09-20	8.22000026702881	0.0566666666666667	8.04911324777836	1	0.50000047683716	0.0883736422479814	0.101848013923358
2024-09-23	8.01000022888184	0.0666666666666667	8.33248357600564	3	-0.070000012715657	0.0765340370775608	0.0842141665544691
2024-09-24	8.11999988555908	0.07	8.4120162630869	1	0.109999656677241	0.0703232207479548	0.074534388533241
2024-09-25	7.59000015258789	0.0733333333333333	8.4809187149224	1	-0.52999973297119	0.0629802637819491	0.0629536960628804
2024-09-26	8.0600004196167	0.0766666666666667	8.53729001706294	1	0.47000026702881	0.0545051661795437	0.0494720891433873
2024-09-27	9.71000003814697	0.08	8.57922925505944	1	1.64999961853027	0.0448979279407387	0.0340895677747616
2024-09-30	8.73999977111816	0.09	8.63640800397454	3	-0.323333422342937	0.0369383935430421	0.013499081255358
2024-10-01	8.17000007629395	0.0933333333333333	8.65226224380744	1	-0.56999969482421	0.0443120559763959	0.0192615631978557
2024-10-02	9.19999980926514	0.0966666666666667	8.67703545994508	1	1.02999973297119	0.0566991386927089	0.0313370338648359
2024-10-03	9.25	0.1	8.71704064111194	1	0.0500001907348597	0.0740996416919818	0.0497254932562992
2024-10-04	9.3100004196167	0.103333333333333	8.77859077603248	1	0.0600004196166992	0.0965135649742137	0.0744269413722446
2024-10-07	9.06999969482422	0.113333333333333	9.15564079056127	3	-0.0800002415974929	0.193835856518668	0.186409218066978
2024-10-08	9.55000019073486	0.116666666666667	9.36650062774147	1	0.480000495910639	0.236303460932738	0.236362621080855
2024-10-09	9.53999996185303	0.12	9.63047036229779	1	-0.0100002288818306	0.283784485629768	0.292629012819214
2024-10-10	9.8100004196167	0.123333333333333	9.95111323273167	1	0.27000045776367	0.329533323161489	0.34695914261288
2024-10-11	10.6599998474121	0.126666666666667	10.3209934766523	1	0.849999427795401	0.366804366079631	0.391103759792677
2024-10-14	10.8400001525879	0.136666666666667	11.6242033231958	3	0.0600001017252663	0.427750727152585	0.462424535648849
2024-10-15	10.4899997711182	0.14	12.0891779349246	1	-0.3500003814697	0.431110591616413	0.465827102373167
2024-10-16	12.3000001907349	0.143333333333333	12.5524623570708	1	1.8100004196167	0.425992661466662	0.459044156483616
2024-10-17	12.5	0.146666666666667	13.0038710770205	1	0.199999809265099	0.412396936703333	0.442075697980195
2024-10-18	13.3000001907349	0.15	13.4332185821599	1	0.800000190734901	0.390323417326425	0.414921726862905
2024-10-21	14.7600002288818	0.16	14.4870386825772	3	0.4866666793823	0.273236091514231	0.272346737827817
2024-10-22	15.0100002288818	0.163333333333333	14.7300855240603	1	0.25	0.226961012649512	0.2158486814265
2024-10-23	14.7399997711182	0.166666666666667	14.9229395180065	1	-0.270000457763601	0.19162737710422	0.171961042754214
2024-10-24	15.710000038147	0.17	15.078211082145	1	0.9700002670288	0.167235184878354	0.140683821810961
2024-10-25	16.9599990844727	0.173333333333333	15.2085106342048	1	1.2499990463257	0.153784435971916	0.12201701859674
2024-10-28	17.8099994659424	0.183333333333333	15.575681395202	3	0.283333460489901	0.179080849169163	0.141679115328268
2024-10-29	16.7399997711182	0.186666666666667	15.7321970762371	1	-1.0699996948242	0.209395873540432	0.173453983030175
2024-10-30	16.8700008392334	0.19	15.9267928338387	1	0.130001068115199	0.250652341231128	0.217839268461114
2024-10-31	15.0299997329712	0.193333333333333	16.1720790857357	1	-1.8400011062622	0.302850252241251	0.274834971621085
2024-11-01	14.8500003814697	0.196666666666667	16.4806662496572	1	-0.1799993515015	0.365989606570801	0.344441092510087
2024-11-04	14.3699998855591	0.206666666666667	17.8831044016723	3	-0.160000165303533	0.58245556009563	0.585072477771466
2024-11-05	15.3500003814697	0.21	18.501571041664	1	0.9800004959106	0.641109725977413	0.650308414851822
2024-11-06	16.4500007629395	0.213333333333333	19.1806164566556	1	1.1000003814698	0.691404950488432	0.7062300277713
2024-11-07	22.1100006103516	0.216666666666667	19.9109263224863	1	5.6599998474121	0.733341233628688	0.752837316529899
2024-11-08	24.7900009155273	0.22	20.6831863149951	1	2.6800003051757	0.76691857539818	0.790130281127621
2024-11-11	23.5200004577637	0.23	23.1585238109817	3	-0.4233334859212	0.81749695248208	0.846123229955517
2024-11-12	23.0100002288818	0.233333333333333	24.0054410685945	1	-0.5100002288819	0.81763852876852	0.846158897909726
2024-11-13	26.7600002288818	0.236666666666667	24.8477368320809	1	3.75	0.809421163684197	0.836880241703057
2024-11-14	26.1599998474121	0.24	25.6760967772805	1	-0.600000381469702	0.792844857229111	0.81828726133551
2024-11-15	29.1399993896484	0.243333333333333	26.4820149153829	1	2.9799995422363	0.769918267814176	0.792804962860227
2024-11-18	25.2299995422363	0.253333333333333	28.7156253544563	3	-1.3033332824707	0.675088752275777	0.689572195106815
2024-11-19	27.8899993896484	0.256666666666667	29.3838998022208	1	2.6599998474121	0.634795664665113	0.646232648413157
2024-11-20	28.8600006103516	0.26	30.0066025472644	1	0.970001220703203	0.590160952505515	0.598428789664905
2024-11-21	32.7799987792969	0.263333333333333	30.5792692775324	1	3.9199981689453	0.541184615796985	0.546160618862059
2024-11-22	31.7999992370605	0.266666666666667	31.0974356809703	1	-0.979999542236403	0.487866654539522	0.489428136004618
2024-11-25	30.8799991607666	0.276666666666667	32.2802898097572	3	-0.306666692097966	0.301863023473537	0.292444815104736
2024-11-26	30.6499996185303	0.28	32.5358117853284	1	-0.229999542236303	0.23117856402034	0.217855084028917
2024-11-27	32.2099990844727	0.283333333333333	32.7175801227642	1	1.5599994659424	0.164992845665258	0.148005787801131
2024-11-29	36.5	0.29	32.9064318633291	2	2.14500045776365	0.0726387291905637	0.0501427405975101
2024-12-02	32.060001373291	0.3	32.9621748646693	3	-1.47999954223633	0.0341508550671908	0.00793703292195954
2024-12-03	32.7900009155273	0.303333333333333	32.9758606962502	1	0.7299995422363	0.0479997771830461	0.0217588271980783
2024-12-04	33.4199981689453	0.306666666666667	33.0103409129824	1	0.629997253417997	0.0751878060440568	0.049525803224847
2024-12-05	35.9500007629395	0.31	33.0795606966168	1	2.5300025939942	0.115714941650225	0.0912379610022685
2024-12-06	37.9700012207031	0.313333333333333	33.1974652289038	1	2.02000045776359	0.169581184001548	0.146895300530339
2024-12-09	34.2400016784668	0.323333333333333	33.9789300998872	3	-1.24333318074543	0.399919771176026	0.386111303716334
2024-12-10	32.9700012207031	0.326666666666667	34.4043621971868	1	-1.2700004577637	0.47325809945669	0.463268052540643
2024-12-11	29.8299999237061	0.33	34.9024965282839	1	-3.140001296997	0.537345973781656	0.531515771311359
2024-12-12	29.9899997711182	0.333333333333333	35.464424063125	1	0.159999847412099	0.59218339415092	0.59085446002848
2024-12-13	33.8300018310547	0.336666666666667	36.0812357716563	1	3.8400020599365	0.637770360564485	0.641284118692009
2024-12-16	41.810001373291	0.346666666666667	38.1718856388564	3	2.6599998474121	0.719028536070983	0.739118914361038
2024-12-17	43.8400001525879	0.35	38.9191437416132	1	2.0299987792969	0.72761368666175	0.753912452810194
2024-12-18	37.5	0.353333333333333	39.6767408677922	1	-6.3400001525879	0.726948383296817	0.759796961205758
2024-12-19	37.7599983215332	0.356666666666667	40.4357679873401	1	0.259998321533203	0.717032625976185	0.756772439547729
2024-12-20	44.4199981689453	0.36	41.1873160702036	1	6.6599998474121	0.697866414699852	0.744838887836105
2024-12-23	41.3199996948242	0.37	43.2887435838785	3	-1.03333282470703	0.57801109670219	0.636331838110263
2024-12-24	44.5800018310547	0.373333333333333	43.8949025554674	1	3.2600021362305	0.516512211487361	0.573788221752499
2024-12-26	48.2400016784668	0.38	44.886621399844	2	1.82999992370605	0.361193772234295	0.409139089363251
2024-12-27	45.4799995422363	0.383333333333333	45.2458066728492	1	-2.7600021362305	0.267374218196056	0.307033573331764
2024-12-30	44.2900009155273	0.393333333333333	45.618418296437	3	-0.396666208903	-0.0787257815654811	-0.0784067741101373
2024-12-31	41.7700004577637	0.396666666666667	45.4636831061862	1	-2.5200004577636	-0.215639560701602	-0.233261489706588
2025-01-02	43.0999984741211	0.403333333333333	44.6640492916397	2	0.6649990081787	-0.502922126547998	-0.560425933154768
2025-01-03	47.7700004577637	0.406666666666667	44.0369898423987	1	4.6700019836426	-0.615559590759757	-0.688521886169605
2025-01-06	51.0699996948242	0.416666666666667	41.6044211012063	3	1.09999974568683	-0.791725386050766	-0.886650895540215
2025-01-07	49.5900001525879	0.42	40.7131896394712	1	-1.4799995422363	-0.796531785366348	-0.890640948772453
2025-01-08	30.25	0.423333333333333	39.8334813619766	1	-19.3400001525879	-0.774380418457884	-0.863604527059039
2025-01-10	32.3300018310547	0.43	38.2327402594918	2	1.04000091552735	-0.649204385968823	-0.716452258795264
2025-01-13	27.8600006103516	0.44	36.6937143612104	3	-1.49000040690103	-0.259257090554902	-0.26302529430723
2025-01-14	29.5100002288818	0.443333333333333	36.5254417984199	1	1.6499996185302	-0.0990151558315698	-0.0776081167139265
2025-01-15	39.3899993896484	0.446666666666667	36.5303215569015	1	9.8799991607666	0.040872486057009	0.083279348237008
2025-01-16	41.5499992370605	0.45	36.683823924013	1	2.1599998474121	0.160405835110839	0.219637100545578
2025-01-17	38.8899993896484	0.453333333333333	36.9614191871118	1	-2.6599998474121	0.259584891329915	0.331465140211779
2025-01-21	45.310001373291	0.466666666666667	38.8221349465338	4	1.60500049591065	0.452758187858709	0.533480172452915
2025-01-22	42.0400009155273	0.47	39.3522489999341	1	-3.2700004577637	0.450165779904028	0.522659648907281
2025-01-23	41.3499984741211	0.473333333333333	39.8592776734675	1	-0.6900024414062	0.427219079114597	0.487309412719281
2025-01-24	40.7599983215332	0.476666666666667	40.3186912544918	1	-0.590000152587898	0.383918085490415	0.427429463888915
2025-01-27	38.5400009155273	0.486666666666667	41.2095952461968	3	-0.739999135335301	0.182256366289621	0.166087736709163
2025-01-28	38.8600006103516	0.49	41.3369222897728	1	0.319999694824297	0.120496974676772	0.0899344312662794
2025-01-29	39.5400009155273	0.493333333333333	41.3922002703761	1	0.680000305175703	0.0635667995693053	0.0219896107638082
2025-01-30	38.810001373291	0.496666666666667	41.3836376729472	1	-0.7299995422363	0.0114658409672241	-0.0377467247982476
2025-01-31	39.4900016784668	0.5	41.3194429824264	1	0.680000305175795	-0.0358059011294742	-0.0892745754198918
2025-02-03	41.4700012207031	0.51	40.8751512017172	3	0.6599998474121	-0.148645828387261	-0.194607217642339
2025-02-04	41.8600006103516	0.513333333333333	40.6705129882332	1	0.389999389648501	-0.176600704462421	-0.213301128502327
2025-02-05	42.3199996948242	0.516666666666667	40.4512851063593	1	0.459999084472599	-0.199726364032198	-0.223786554421902
2025-02-06	41.2700004577637	0.52	40.2256760410363	1	-1.0499992370605	-0.218022807096591	-0.226063495401063
2025-02-07	40.5699996948242	0.523333333333333	39.99914785533	1	-0.700000762939503	-0.236635461312432	-0.228371217062486
2025-02-10	41.0699996948242	0.533333333333333	39.2478266441079	3	0.166666666666667	-0.325243256809664	-0.284914659876386
2025-02-11	37.7000007629395	0.536666666666667	38.9459072013164	1	-3.36999893188469	-0.365702466258641	-0.320302566757563
2025-02-12	38	0.54	38.6044648284912	1	0.299999237060497	-0.411623314515906	-0.36396051994368
2025-02-13	38.6500015258789	0.543333333333333	38.2152294793274	1	0.650001525878899	-0.463005801581452	-0.415888519434734
2025-02-14	37.4599990844727	0.546666666666667	37.7699311075202	1	-1.1900024414062	-0.519849927455282	-0.476086565230725
2025-02-18	33.939998626709	0.56	35.2627064677559	4	-0.880000114440925	-0.801842819033449	-0.799579211464083
2025-02-19	34.1399993896484	0.563333333333333	34.417379680955	1	0.200000762939403	-0.875552073952143	-0.888115310390176
2025-02-20	33.75	0.566666666666667	33.4923939504703	1	-0.389999389648402	-0.933836837686007	-0.958897098832024
2025-02-21	31.7399997711182	0.57	32.5055035867857	1	-2.0100002288818	-0.97669711023504	-1.01192457678963
2025-02-24	31.2399997711182	0.58	29.3509478013762	3	-0.166666666666667	-1.01273098077316	-1.06448114775697
2025-02-25	29.7299995422363	0.583333333333333	28.2939820097351	1	-1.5100002288819	-0.99389328858287	-1.04649138377759
2025-02-26	29.9300003051758	0.586666666666667	27.2638831373157	1	0.200000762939499	-0.959631105207752	-1.01074730931397
2025-02-27	24.9099998474121	0.59	26.2784054946019	1	-5.0200004577637	-0.909944430647803	-0.957248924366109
2025-02-28	24.5699996948242	0.593333333333333	25.3553033920781	1	-0.340000152587898	-0.844833264903022	-0.885996228933997
2025-03-03	23.1100006103516	0.603333333333333	23.1336077738157	3	-0.486666361490866	-0.56767351907268	-0.578269249755342
2025-03-04	22.3500003814697	0.606666666666667	22.6082513401737	1	-0.7600002288819	-0.473026484127518	-0.473670222455691
2025-03-05	22.6299991607666	0.61	22.1838141190503	1	0.2799987792969	-0.384396355023485	-0.376430824718089
2025-03-06	20.4799995422363	0.613333333333333	21.8529364808834	1	-2.1499996185303	-0.301783131760582	-0.286551056542535
2025-03-07	20.5499992370605	0.616666666666667	21.6082587961111	1	0.069999694824201	-0.225186814338805	-0.204030917929027
2025-03-10	18.2700004577637	0.626666666666667	21.317829166541	3	-0.759999593098934	-0.0314992971202549	-0.000628279460797405
2025-03-11	18.7000007629395	0.63	21.3443549997264	1	0.430000305175799	0.0210293969370011	0.0524533409045134
2025-03-12	21.8199996948242	0.633333333333333	21.420282638496	1	3.1199989318847	0.0675411851531296	0.0981753317077778
2025-03-13	21.3700008392334	0.636666666666667	21.5382524532879	1	-0.449998855590803	0.108036067528132	0.136537692948997
2025-03-14	25	0.64	21.6909048145402	1	3.6299991607666	0.142514044062001	0.167540424628164
2025-03-17	24.9300003051758	0.65	22.2897911224368	3	-0.023333231608067	0.209198954683661	0.222821083293047
2025-03-18	22.6800003051758	0.653333333333333	22.5163891856494	1	-2.25	0.219105631460544	0.229386595279321
2025-03-19	23.2999992370605	0.656666666666667	22.7465874172896	1	0.619998931884702	0.222851494855592	0.230021420147917
2025-03-20	21.1399993896484	0.66	22.9744551302395	1	-2.1599998474121	0.220436544868805	0.224725557898836
2025-03-21	22.2600002288818	0.663333333333333	23.1940616373814	1	1.1200008392334	0.211860781500184	0.213499008532078
2025-03-24	26.1200008392334	0.673333333333333	23.744007052783	3	1.2866668701172	0.149168611103309	0.144235237725741
2025-03-25	25.5499992370605	0.676666666666667	23.8712618655165	1	-0.570001602172898	0.115949594207348	0.109285939888275
2025-03-26	24.7999992370605	0.68	23.9606020368531	1	-0.75	0.0765697639295515	0.0684059549331296
2025-03-27	23.6499996185303	0.683333333333333	24.0082375699575	1	-1.1499996185302	0.0374519782757086	0.0280173537041026
2025-03-28	22.8500003814697	0.686666666666667	24.0189412291179	1	-0.799999237060597	0.00501909525160727	-0.00545779295501449
2025-03-31	22.0699996948242	0.696666666666667	23.8985955086337	3	-0.260000228881834	-0.0521701380422484	-0.0644025055129055
2025-04-01	23.1900005340576	0.7	23.8307062177169	1	1.1200008392334	-0.0578634105473839	-0.070223833892382
2025-04-02	25.0499992370605	0.703333333333333	23.7604523257055	1	1.8599987030029	-0.0568717804227777	-0.0691317077019482
2025-04-03	23.25	0.706666666666667	23.6947472871696	1	-1.7999992370605	-0.0491952476684303	-0.0611261269416046
2025-04-04	20.6800003051758	0.71	23.6405045566789	1	-2.5699996948242	-0.0348338122843415	-0.0462070916113506
2025-04-07	22.75	0.72	23.6156847591783	3	0.689999898274734	0.0483599096463753	0.0400307417988731
2025-04-08	21.2800006866455	0.723333333333333	23.6747426410279	1	-1.4699993133545	0.0844474112349518	0.0775540987885209
2025-04-09	26.3700008392334	0.726666666666667	23.7697311105318	1	5.0900001525879	0.117192726824299	0.111891917107572
2025-04-10	25.8899993896484	0.73	23.8974646290195	1	-0.480001449585	0.146595856414422	0.143044196756031
2025-04-11	26.0900001525879	0.733333333333333	24.0547576578204	1	0.200000762939503	0.172656800005319	0.171010937733897
2025-04-14	25.3500003814697	0.743333333333333	24.672138419396	3	-0.246666590372733	0.230786514782664	0.235797928643941
2025-04-15	25.3999996185303	0.746666666666667	24.9158141027435	1	0.0499992370605966	0.243478714376663	0.251022514939438
2025-04-16	24.5699996948242	0.75	25.1731216030513	1	-0.829999923706097	0.252828727971436	0.263061562564341
2025-04-17	25.7399997711182	0.753333333333333	25.4408753816487	1	1.170000076294	0.258836555566985	0.271915071518653
2025-04-21	24.0300006866455	0.766666666666667	26.5543592532667	4	-0.427499771118175	0.254695061143266	0.278048842246188
2025-04-22	25.5599994659424	0.77	26.8306386191456	1	1.5299987792969	0.250553277725608	0.274193559867805
2025-04-23	26.7999992370605	0.773333333333333	27.1021137137148	1	1.2399997711181	0.245693835901893	0.268440299626937
2025-04-24	28.3899993896484	0.776666666666667	27.366886559112	1	1.5900001525879	0.240116735672121	0.260789061523584
2025-04-25	28.8999996185303	0.78	27.6230591774746	1	0.5100002288819	0.233821977036291	0.251239845557746
2025-04-28	28.7000007629395	0.79	28.3209958917298	3	-0.066666285196933	0.210631750692455	0.21120433048532
2025-04-29	28.0900001525879	0.793333333333333	28.5237878233292	1	-0.610000610351598	0.201466358432395	0.194063203069542
2025-04-30	27.4599990844727	0.796666666666667	28.7084896385815	1	-0.630001068115202	0.191583307766277	0.175024097791278
2025-05-01	27.3799991607666	0.8	28.8732033596236	1	-0.0799999237060973	0.180982598694099	0.154087014650526
2025-05-02	30.9200000762939	0.803333333333333	29.0183086095591	1	3.5400009155273	0.174643234790028	0.138084756541333
2025-05-05	29.8199996948242	0.813333333333333	29.4399842061894	3	-0.366666793823233	0.211067235531416	0.16068374976733
2025-05-06	29.4200000762939	0.816666666666667	29.6152214470929	1	-0.399999618530302	0.241689266596413	0.191752003360522
2025-05-07	29.1399993896484	0.82	29.8274107555523	1	-0.280000686645501	0.281551646403676	0.23458788487931
2025-05-08	31.8400001525879	0.823333333333333	30.0883197594933	1	2.7000007629395	0.330654374953208	0.289191394323697
2025-05-09	31.2700004577637	0.826666666666667	30.4097160868415	1	-0.569999694824201	0.388997452245005	0.355562531693677
2025-05-12	32.8899993896484	0.836666666666667	31.8545052885852	3	0.539999643961567	0.619468776574	0.6252817113572
2025-05-13	33.2200012207031	0.84	32.5355271888186	1	0.330001831054695	0.714773248834864	0.738723360429565
2025-05-14	33.4099998474121	0.843333333333333	33.3296878211282	1	0.189998626709006	0.803754725033365	0.845372444551889
2025-05-15	32.5400009155273	0.846666666666667	34.2178211586472	1	-0.869998931884801	0.870849860364854	0.926668770848512
2025-05-16	34.9900016784668	0.85	35.1745744435499	1	2.4500007629395	0.916058654829338	0.982612339319441
2025-05-19	35.0900001525879	0.86	38.203026404304	3	0.0333328247070336	0.920366993020752	0.998326497778062
2025-05-20	35.310001373291	0.863333333333333	39.1807319004849	1	0.220001220703104	0.878030424017211	0.952859034946213
2025-05-21	33.5400009155273	0.866666666666667	40.1002935549211	1	-1.7700004577637	0.813807514146662	0.882038814288668
2025-05-22	45.7900009155273	0.87	40.936358609787	1	12.25	0.727698263409108	0.78586583580543
2025-05-23	45.689998626709	0.873333333333333	41.6635743072568	1	-0.100002288818303	0.619702671804549	0.664340099496498
2025-05-27	48.0400009155273	0.886666666666667	43.0389436965645	4	0.587500572204576	0.048651890555242	0.0177925708587224
2025-05-28	47.560001373291	0.89	42.9890026481887	1	-0.4799995422363	-0.0690316630855989	-0.114143211010048
2025-05-29	43.2000007629395	0.893333333333333	42.817720187745	1	-4.3600006103515	-0.168704060673946	-0.224890253277059
2025-05-30	40.3400001525879	0.896666666666667	42.5462850548352	1	-2.8600006103516	-0.2503653022098	-0.31444855594231
2025-06-02	40.5699996948242	0.906666666666667	41.3429510173265	3	0.0766665140787666	-0.387282090502403	-0.455991026327511
2025-06-03	39.810001373291	0.91	40.8827925905698	1	-0.759998321533196	-0.396898707828282	-0.460794370585725
2025-06-04	39.6399993896484	0.913333333333333	40.4284251893557	1	-0.170001983642599	-0.388504169101668	-0.44440897524218
2025-06-05	36.6599998474121	0.916666666666667	40.001037553286	1	-2.9799995422363	-0.362098474322562	-0.406834840296877
2025-06-06	39.0200004577637	0.92	39.6218184219616	1	2.3600006103516	-0.317681623490971	-0.348071965749824
2025-06-09	40.060001373291	0.93	38.8696629837556	3	0.346666971842434	-0.168632726845655	-0.160047373228286
2025-06-10	39.7400016784668	0.933333333333333	38.736869365841	1	-0.319999694824205	-0.123935712376429	-0.106282349286572
2025-06-11	39.7000007629395	0.936666666666667	38.6556133118103	1	-0.040000915527294	-0.0817316734468084	-0.0569722454609215
2025-06-12	38.7099990844727	0.94	38.6214399015471	1	-0.990001678466804	-0.0420206100567946	-0.0121170617513373
2025-06-13	37.8400001525879	0.943333333333333	38.6298942149355	1	-0.869998931884801	-0.00480252220638472	0.0282832018421842
2025-06-16	38.4300003051758	0.953333333333333	38.8664742958494	3	0.196666717529302	0.091893888107205	0.122754471926352
2025-06-17	38.0400009155273	0.956666666666667	39.0008903026833	1	-0.389999389648501	0.11914007379919	0.145335055055612
2025-06-18	39.6300010681152	0.96	39.1556594325885	1	1.5900001525879	0.143893283951568	0.163460718068806
2025-06-20	40.3600006103516	0.966666666666667	39.5116704379749	2	0.3649997711182	0.184413191184306	0.191196868985348
2025-06-23	41.1399993896484	0.976666666666667	40.1293962370211	3	0.259999593098935	0.220842286286887	0.217575139133519
2025-06-24	40.8600006103516	0.98	40.3495068043072	1	-0.279998779296804	0.226491780455339	0.222307640855801
2025-06-25	38.1100006103516	0.983333333333333	40.5733348095672	1	-2.75	0.228894505857585	0.225010015081197
2025-06-26	41.1199989318848	0.986666666666667	40.798850125304	1	3.0099983215332	0.228050462493628	0.225682261809705
2025-06-27	40.25	0.99	41.024022624021	1	-0.869998931884801	0.223959650363467	0.224324381041327
2025-06-30	42.9700012207031	1	41.6771819430832	3	0.906667073567699	0.192206601375755	0.208069973754869
